 -5.8078848e+000  5.0099941e-002  2.4580776e+000  1.9034741e-004 -3.9185527e+000 -9.0553470e+001  0.0000000e+000  0.0000000e+000  8.4309790e-008  0.0000000e+000  0.0000000e+000  0.0000000e+000  0.0000000e+000 -1.2872693e-001 -8.1440191e-001  3.3333409e-001 -1.0571816e-002  2.0756714e-001 -8.1182602e-004 -5.0336416e-004  0.0000000e+000  0.0000000e+000  0.0000000e+000  7.0696102e-001  1.9188209e-004 -3.1606357e-002
  1.2468076e-003 -1.3756480e+000  3.6356724e-002 -6.5536883e-003 -1.3230921e+001  2.9356059e+000  0.0000000e+000  0.0000000e+000 -2.9029675e-006  0.0000000e+000  0.0000000e+000  0.0000000e+000  0.0000000e+000 -3.7802436e-001  8.1184824e-002 -1.3829341e-003 -3.1596855e-002  6.0954951e-001 -8.8355438e-007  1.7335170e-002  0.0000000e+000  0.0000000e+000  0.0000000e+000 -2.3067857e-002 -6.5532498e-003 -1.0326890e-001
 -4.7980395e-002 -2.9196287e-002 -1.4855005e+000 -1.7004884e-004 -2.1532588e+000  3.2311301e+001  0.0000000e+000  0.0000000e+000 -7.5329836e-008  0.0000000e+000  0.0000000e+000  0.0000000e+000  0.0000000e+000  3.5155823e-003  1.0211797e-002 -4.1709576e-001 -1.4036117e-004 -5.6687390e-003 -4.7367564e-002  4.4978767e-004  0.0000000e+000  0.0000000e+000  0.0000000e+000 -2.5229761e-001 -1.7046664e-004 -1.6450712e-002
 -6.6290887e-009  2.6552115e-001  5.8805498e-008 -5.0944422e-002 -1.2370759e+001  2.5460997e+000  0.0000000e+000  0.0000000e+000 -2.2557374e-005  3.0141980e-004 -4.0604187e-003 -3.2174048e+001  5.5256615e-014 -1.8432488e-002 -3.1608459e-002 -8.0196650e-003 -5.7092708e-003  2.9721666e-002  4.0641559e-005  1.3474315e-001  0.0000000e+000  0.0000000e+000  0.0000000e+000 -2.0017737e-002 -5.0944009e-002 -9.6555988e-002
  5.1323241e-009  9.5794837e-001  4.5430316e-010 -3.8735856e-003 -2.4694982e+000  8.1007435e-002  0.0000000e+000  0.0000000e+000  7.4159463e-006  5.0240387e-001 -3.5812725e-004  1.2222195e-006  4.4596441e-013 -2.2558178e-003  1.2349716e-003 -6.3548987e-004 -1.8310671e-004  3.6374180e-003  2.4050554e-007 -1.2961034e-004  0.0000000e+000  0.0000000e+000  0.0000000e+000 -6.6006805e-004 -3.8735097e-003 -1.9279955e-002
  8.9027155e-002  1.0681339e-011 -9.8365965e-001 -9.2564041e-006  1.7110556e-002 -5.3527824e-001  0.0000000e+000  0.0000000e+000  8.9919128e-009  7.1905511e-004  2.5022365e-001 -3.1824231e-005  6.3567433e-016 -7.4149897e-013 -1.5822735e-004  3.2211865e-003 -2.2967157e-013  1.1956381e-012 -3.1459326e-005  9.6202982e-006  0.0000000e+000  0.0000000e+000  0.0000000e+000  4.1794268e-003 -9.2541756e-006  1.2760370e-004
  0.0000000e+000  0.0000000e+000  0.0000000e+000 -1.9614045e-006  1.8331206e-001 -1.2808015e+002  0.0000000e+000  0.0000000e+000  0.0000000e+000 -5.0243507e-004  1.1293244e+001 -7.7161816e-008 -1.2808028e+002  0.0000000e+000  0.0000000e+000  0.0000000e+000  0.0000000e+000  0.0000000e+000  0.0000000e+000  0.0000000e+000  0.0000000e+000  0.0000000e+000  0.0000000e+000  0.0000000e+000  0.0000000e+000  0.0000000e+000
  0.0000000e+000  0.0000000e+000  0.0000000e+000  1.0000000e+000 -5.9960618e-004 -2.5190587e-004  0.0000000e+000  0.0000000e+000  0.0000000e+000  2.5616057e+002  2.2226382e-005  5.9994753e-004 -2.5121779e-004  0.0000000e+000  0.0000000e+000  0.0000000e+000  0.0000000e+000  0.0000000e+000  0.0000000e+000  0.0000000e+000  0.0000000e+000  0.0000000e+000  0.0000000e+000  0.0000000e+000  0.0000000e+000  0.0000000e+000
  0.0000000e+000  0.0000000e+000  0.0000000e+000 -4.6841572e-006 -1.2808015e+002 -1.8331206e-001  0.0000000e+000  0.0000000e+000  0.0000000e+000 -1.1998842e-003  1.6163878e-002  1.2808028e+002 -2.1493918e-013  0.0000000e+000  0.0000000e+000  0.0000000e+000  0.0000000e+000  0.0000000e+000  0.0000000e+000  0.0000000e+000  0.0000000e+000  0.0000000e+000  0.0000000e+000  0.0000000e+000  0.0000000e+000  0.0000000e+000
 -3.4694470e-018  1.7347235e-018  0.0000000e+000  0.0000000e+000  0.0000000e+000  0.0000000e+000  0.0000000e+000  0.0000000e+000  0.0000000e+000 -3.1718843e-017 -2.4181704e-007 -4.1801545e-007  1.7139165e-007  0.0000000e+000  0.0000000e+000  0.0000000e+000  0.0000000e+000  0.0000000e+000  0.0000000e+000  0.0000000e+000  0.0000000e+000  0.0000000e+000  0.0000000e+000  0.0000000e+000  0.0000000e+000  0.0000000e+000
  1.0000000e+000  1.2717784e-004  8.8513115e-002  0.0000000e+000  0.0000000e+000  0.0000000e+000  0.0000000e+000  0.0000000e+000  0.0000000e+000  9.1392737e-007  7.3999775e-008 -3.4412347e-007 -8.3929949e-007  0.0000000e+000  0.0000000e+000  0.0000000e+000  0.0000000e+000  0.0000000e+000  0.0000000e+000  0.0000000e+000  0.0000000e+000  0.0000000e+000  0.0000000e+000  0.0000000e+000  0.0000000e+000  0.0000000e+000
 -5.5511151e-017  9.9999897e-001 -1.4368234e-003  0.0000000e+000  0.0000000e+000  0.0000000e+000  0.0000000e+000  0.0000000e+000  0.0000000e+000  1.6720618e-006  3.0131546e-007  3.1867974e-017  4.5518407e-007  0.0000000e+000  0.0000000e+000  0.0000000e+000  0.0000000e+000  0.0000000e+000  0.0000000e+000  0.0000000e+000  0.0000000e+000  0.0000000e+000  0.0000000e+000  0.0000000e+000  0.0000000e+000  0.0000000e+000
  2.4247965e-014  1.4424408e-003  1.0039086e+000  0.0000000e+000  0.0000000e+000  0.0000000e+000  0.0000000e+000  0.0000000e+000  0.0000000e+000 -6.0498700e-007  8.3929949e-007 -4.8552492e-007 -7.3999775e-008  0.0000000e+000  0.0000000e+000  0.0000000e+000  0.0000000e+000  0.0000000e+000  0.0000000e+000  0.0000000e+000  0.0000000e+000  0.0000000e+000  0.0000000e+000  0.0000000e+000  0.0000000e+000  0.0000000e+000
  0.0000000e+000  7.3938676e-001  0.0000000e+000 -7.0004617e-003  1.5566311e+001  1.6214225e+000  0.0000000e+000  0.0000000e+000 -1.0621969e-004  0.0000000e+000  0.0000000e+000  0.0000000e+000  0.0000000e+000  7.1148312e-003 -4.5432199e-002 -8.1167772e-004 -3.6191632e-003 -1.1472387e-002  3.7767153e-005  1.3568207e-001  0.0000000e+000  0.0000000e+000  0.0000000e+000 -1.2485451e-002 -7.0010555e-003  1.2155354e-001
  1.0936778e-001  0.0000000e+000  1.5940238e+000 -1.1862506e-003  2.1914084e+000 -6.8558589e+001  0.0000000e+000  0.0000000e+000  1.1516869e-006  0.0000000e+000  0.0000000e+000  0.0000000e+000  0.0000000e+000  0.0000000e+000 -2.0265804e-002  4.1257048e-001  0.0000000e+000  0.0000000e+000 -4.0293194e-003  1.2321698e-003  0.0000000e+000  0.0000000e+000  0.0000000e+000  5.3530218e-001 -1.1852772e-003  1.6343518e-002
  0.0000000e+000 -5.3415951e+000  0.0000000e+000 -4.9869120e-001 -3.1615287e+002  1.0559666e+001  0.0000000e+000  0.0000000e+000  9.4414809e-004  0.0000000e+000  0.0000000e+000  0.0000000e+000  0.0000000e+000 -2.8942572e-001  1.5477243e-001 -8.1783827e-002 -2.3864421e-002  4.6668766e-001  3.4267537e-005 -4.6551300e-003  0.0000000e+000  0.0000000e+000  0.0000000e+000 -8.5977455e-002 -4.9867981e-001 -2.4682779e+000
  0.0000000e+000  7.3938676e-001  0.0000000e+000 -7.0004617e-003  1.5566311e+001  1.6214225e+000  0.0000000e+000  0.0000000e+000 -1.0621969e-004  0.0000000e+000  0.0000000e+000  0.0000000e+000  0.0000000e+000  7.1148312e-003 -4.5432199e-002 -8.1167772e-004 -3.6191632e-003 -1.1472387e-002  3.7767153e-005  1.3568207e-001  0.0000000e+000  0.0000000e+000  0.0000000e+000 -1.2485451e-002 -7.0010555e-003  1.2155354e-001
  1.0936778e-001  0.0000000e+000  1.5940238e+000 -1.1862506e-003  2.1914084e+000 -6.8558589e+001  0.0000000e+000  0.0000000e+000  1.1516869e-006  0.0000000e+000  0.0000000e+000  0.0000000e+000  0.0000000e+000  0.0000000e+000 -2.0265804e-002  4.1257048e-001  0.0000000e+000  0.0000000e+000 -4.0293194e-003  1.2321698e-003  0.0000000e+000  0.0000000e+000  0.0000000e+000  5.3530218e-001 -1.1852772e-003  1.6343518e-002
  0.0000000e+000 -5.3415951e+000  0.0000000e+000 -4.9869120e-001 -3.1615287e+002  1.0559666e+001  0.0000000e+000  0.0000000e+000  9.4414809e-004  0.0000000e+000  0.0000000e+000  0.0000000e+000  0.0000000e+000 -2.8942572e-001  1.5477243e-001 -8.1783827e-002 -2.3864421e-002  4.6668766e-001  3.4267537e-005 -4.6551300e-003  0.0000000e+000  0.0000000e+000  0.0000000e+000 -8.5977455e-002 -4.9867981e-001 -2.4682779e+000
  0.0000000e+000  0.0000000e+000  0.0000000e+000  0.0000000e+000  0.0000000e+000  0.0000000e+000  0.0000000e+000  0.0000000e+000  0.0000000e+000 -2.5630982e-004  2.8189256e-018  1.1343402e-005 -9.9610557e-001  0.0000000e+000  0.0000000e+000  0.0000000e+000  0.0000000e+000  0.0000000e+000  0.0000000e+000  0.0000000e+000  0.0000000e+000  0.0000000e+000  0.0000000e+000  0.0000000e+000  0.0000000e+000  0.0000000e+000
  0.0000000e+000  0.0000000e+000  0.0000000e+000  0.0000000e+000  0.0000000e+000  0.0000000e+000  0.0000000e+000  0.0000000e+000  0.0000000e+000 -1.9999980e+000  1.4254800e-003 -1.8413597e-007  1.9732590e-006  0.0000000e+000  0.0000000e+000  0.0000000e+000  0.0000000e+000  0.0000000e+000  0.0000000e+000  0.0000000e+000  0.0000000e+000  0.0000000e+000  0.0000000e+000  0.0000000e+000  0.0000000e+000  0.0000000e+000
  0.0000000e+000  0.0000000e+000  0.0000000e+000  0.0000000e+000  0.0000000e+000  0.0000000e+000  0.0000000e+000  0.0000000e+000  0.0000000e+000  2.8509599e-003  9.9999898e-001 -1.2815478e-004 -8.8168592e-002  0.0000000e+000  0.0000000e+000  0.0000000e+000  0.0000000e+000  0.0000000e+000  0.0000000e+000  0.0000000e+000  0.0000000e+000  0.0000000e+000  0.0000000e+000  0.0000000e+000  0.0000000e+000  0.0000000e+000
  0.0000000e+000  0.0000000e+000  0.0000000e+000  0.0000000e+000  0.0000000e+000  0.0000000e+000  0.0000000e+000  0.0000000e+000  0.0000000e+000  1.9922111e+000  0.0000000e+000 -8.8168498e-002 -1.2815491e-004  0.0000000e+000  0.0000000e+000  0.0000000e+000  0.0000000e+000  0.0000000e+000  0.0000000e+000  0.0000000e+000  0.0000000e+000  0.0000000e+000  0.0000000e+000  0.0000000e+000  0.0000000e+000  0.0000000e+000
  0.0000000e+000  0.0000000e+000  0.0000000e+000  0.0000000e+000  0.0000000e+000  0.0000000e+000  0.0000000e+000  0.0000000e+000  0.0000000e+000 -3.9465223e-006  8.8168592e-002  1.4312278e-003 -9.9999898e-001  0.0000000e+000  0.0000000e+000  0.0000000e+000  0.0000000e+000  0.0000000e+000  0.0000000e+000  0.0000000e+000  0.0000000e+000  0.0000000e+000  0.0000000e+000  0.0000000e+000  0.0000000e+000  0.0000000e+000
  0.0000000e+000  0.0000000e+000  0.0000000e+000  0.0000000e+000  0.0000000e+000  0.0000000e+000  0.0000000e+000  0.0000000e+000  0.0000000e+000  1.7633718e-001  1.9732590e-006  9.9610454e-001  1.4254800e-003  0.0000000e+000  0.0000000e+000  0.0000000e+000  0.0000000e+000  0.0000000e+000  0.0000000e+000  0.0000000e+000  0.0000000e+000  0.0000000e+000  0.0000000e+000  0.0000000e+000  0.0000000e+000  0.0000000e+000
  0.0000000e+000  0.0000000e+000  0.0000000e+000  0.0000000e+000  0.0000000e+000  0.0000000e+000  0.0000000e+000  0.0000000e+000  0.0000000e+000 -1.7633700e-001  1.8214596e-017 -9.9610557e-001 -1.5484142e-013  0.0000000e+000  0.0000000e+000  0.0000000e+000  0.0000000e+000  0.0000000e+000  0.0000000e+000  0.0000000e+000  0.0000000e+000  0.0000000e+000  0.0000000e+000  0.0000000e+000  0.0000000e+000  0.0000000e+000
  0.0000000e+000  0.0000000e+000  0.0000000e+000  0.0000000e+000  0.0000000e+000  0.0000000e+000  0.0000000e+000  0.0000000e+000  0.0000000e+000  2.8624555e-003  9.9610455e-001 -1.2668256e-004  2.5322956e-015  0.0000000e+000  0.0000000e+000  0.0000000e+000  0.0000000e+000  0.0000000e+000  0.0000000e+000  0.0000000e+000  0.0000000e+000  0.0000000e+000  0.0000000e+000  0.0000000e+000  0.0000000e+000  0.0000000e+000
  0.0000000e+000  0.0000000e+000  0.0000000e+000  0.0000000e+000  0.0000000e+000  0.0000000e+000  0.0000000e+000  0.0000000e+000  0.0000000e+000  1.9922091e+000 -1.4312278e-003 -8.8168408e-002  1.7685436e-012  0.0000000e+000  0.0000000e+000  0.0000000e+000  0.0000000e+000  0.0000000e+000  0.0000000e+000  0.0000000e+000  0.0000000e+000  0.0000000e+000  0.0000000e+000  0.0000000e+000  0.0000000e+000  0.0000000e+000
  0.0000000e+000  0.0000000e+000  0.0000000e+000  9.9610515e-001 -1.1293256e+001  7.2521600e-007  0.0000000e+000  0.0000000e+000  0.0000000e+000  0.0000000e+000  0.0000000e+000  0.0000000e+000  0.0000000e+000  0.0000000e+000  0.0000000e+000  0.0000000e+000  0.0000000e+000  0.0000000e+000  0.0000000e+000  0.0000000e+000  0.0000000e+000  0.0000000e+000  0.0000000e+000 -1.2815491e-004  9.9610557e-001 -8.8168499e-002
  0.0000000e+000  0.0000000e+000  0.0000000e+000 -5.1523919e-009 -6.5999425e-024  1.2808028e+002  0.0000000e+000  0.0000000e+000  0.0000000e+000  0.0000000e+000  0.0000000e+000  0.0000000e+000  0.0000000e+000  0.0000000e+000  0.0000000e+000  0.0000000e+000  0.0000000e+000  0.0000000e+000  0.0000000e+000  0.0000000e+000  0.0000000e+000  0.0000000e+000  0.0000000e+000 -9.9999898e-001 -1.9732590e-006  1.4312278e-003
  0.0000000e+000  0.0000000e+000  0.0000000e+000  8.8173255e-002  1.2758143e+002  6.4194683e-008  0.0000000e+000  0.0000000e+000  0.0000000e+000  0.0000000e+000  0.0000000e+000  0.0000000e+000  0.0000000e+000  0.0000000e+000  0.0000000e+000  0.0000000e+000  0.0000000e+000  0.0000000e+000  0.0000000e+000  0.0000000e+000  0.0000000e+000  0.0000000e+000  0.0000000e+000  1.4254800e-003  8.8168592e-002  9.9610455e-001
  0.0000000e+000  0.0000000e+000  0.0000000e+000  0.0000000e+000  0.0000000e+000  0.0000000e+000  0.0000000e+000  0.0000000e+000  0.0000000e+000 -1.1747448e-012 -1.2052526e-016 -1.0000000e+000 -1.1299226e-005  0.0000000e+000  0.0000000e+000  0.0000000e+000  0.0000000e+000  0.0000000e+000  0.0000000e+000  0.0000000e+000  0.0000000e+000  0.0000000e+000  0.0000000e+000  0.0000000e+000  0.0000000e+000  0.0000000e+000
  0.0000000e+000  0.0000000e+000  0.0000000e+000  0.0000000e+000  0.0000000e+000  0.0000000e+000  0.0000000e+000  0.0000000e+000  0.0000000e+000  4.3932900e-012 -5.2460537e-018 -1.1343402e-005  9.9610557e-001  0.0000000e+000  0.0000000e+000  0.0000000e+000  0.0000000e+000  0.0000000e+000  0.0000000e+000  0.0000000e+000  0.0000000e+000  0.0000000e+000  0.0000000e+000  0.0000000e+000  0.0000000e+000  0.0000000e+000
  0.0000000e+000  0.0000000e+000  0.0000000e+000  0.0000000e+000  0.0000000e+000  0.0000000e+000  0.0000000e+000  0.0000000e+000  0.0000000e+000 -2.4293906e-012 -1.0000000e+000  1.2815491e-004  8.8168500e-002  0.0000000e+000  0.0000000e+000  0.0000000e+000  0.0000000e+000  0.0000000e+000  0.0000000e+000  0.0000000e+000  0.0000000e+000  0.0000000e+000  0.0000000e+000  0.0000000e+000  0.0000000e+000  0.0000000e+000
  0.0000000e+000  0.0000000e+000  0.0000000e+000  0.0000000e+000  0.0000000e+000  0.0000000e+000  0.0000000e+000  0.0000000e+000  0.0000000e+000  0.0000000e+000  1.0000000e+000  0.0000000e+000  0.0000000e+000  0.0000000e+000  0.0000000e+000  0.0000000e+000  0.0000000e+000  0.0000000e+000  0.0000000e+000  0.0000000e+000  0.0000000e+000  0.0000000e+000  0.0000000e+000  0.0000000e+000  0.0000000e+000  0.0000000e+000
  0.0000000e+000  0.0000000e+000  0.0000000e+000  0.0000000e+000  0.0000000e+000  0.0000000e+000  0.0000000e+000  0.0000000e+000  0.0000000e+000  0.0000000e+000  0.0000000e+000  1.0000000e+000  0.0000000e+000  0.0000000e+000  0.0000000e+000  0.0000000e+000  0.0000000e+000  0.0000000e+000  0.0000000e+000  0.0000000e+000  0.0000000e+000  0.0000000e+000  0.0000000e+000  0.0000000e+000  0.0000000e+000  0.0000000e+000
  0.0000000e+000  0.0000000e+000  0.0000000e+000  0.0000000e+000  0.0000000e+000  0.0000000e+000  0.0000000e+000  0.0000000e+000  0.0000000e+000  0.0000000e+000  0.0000000e+000  0.0000000e+000  1.0000000e+000  0.0000000e+000  0.0000000e+000  0.0000000e+000  0.0000000e+000  0.0000000e+000  0.0000000e+000  0.0000000e+000  0.0000000e+000  0.0000000e+000  0.0000000e+000  0.0000000e+000  0.0000000e+000  0.0000000e+000
  0.0000000e+000  0.0000000e+000  0.0000000e+000  1.4019139e-020  1.1856470e-008 -4.6841435e-006  0.0000000e+000  0.0000000e+000  0.0000000e+000 -1.7607690e-014  9.9610557e-001 -1.2669455e-004 -1.3836486e-014  0.0000000e+000  0.0000000e+000  0.0000000e+000  0.0000000e+000  0.0000000e+000  0.0000000e+000  0.0000000e+000  0.0000000e+000  0.0000000e+000  0.0000000e+000  3.6572027e-008  7.1544121e-014  4.0227753e-011
  0.0000000e+000  0.0000000e+000  0.0000000e+000  6.9737185e-014  1.0000000e+000  2.5847452e-011  0.0000000e+000  0.0000000e+000  0.0000000e+000 -7.6430783e-011 -3.9441334e-014  1.6159494e-011  1.1807484e-013  0.0000000e+000  0.0000000e+000  0.0000000e+000  0.0000000e+000  0.0000000e+000  0.0000000e+000  0.0000000e+000  0.0000000e+000  0.0000000e+000  0.0000000e+000  1.1174458e-005 -3.6550014e-008  7.8075949e-003
  0.0000000e+000  0.0000000e+000  0.0000000e+000 -2.8163583e-015 -1.8311713e-013  1.0000000e+000  0.0000000e+000  0.0000000e+000  0.0000000e+000 -7.3423982e-013 -9.5203016e-012  3.0477459e-014  1.0801788e-010  0.0000000e+000  0.0000000e+000  0.0000000e+000  0.0000000e+000  0.0000000e+000  0.0000000e+000  0.0000000e+000  0.0000000e+000  0.0000000e+000  0.0000000e+000 -7.8075949e-003 -1.5366198e-008  1.1174458e-005
  0.0000000e+000  0.0000000e+000  0.0000000e+000  0.0000000e+000  0.0000000e+000  0.0000000e+000  0.0000000e+000  0.0000000e+000  0.0000000e+000  0.0000000e+000  0.0000000e+000  0.0000000e+000  0.0000000e+000  0.0000000e+000  0.0000000e+000  0.0000000e+000  0.0000000e+000  0.0000000e+000  0.0000000e+000  0.0000000e+000  0.0000000e+000  0.0000000e+000  0.0000000e+000  0.0000000e+000  0.0000000e+000  0.0000000e+000
  0.0000000e+000  0.0000000e+000  0.0000000e+000  8.9835292e-004  0.0000000e+000  0.0000000e+000  0.0000000e+000  0.0000000e+000  3.9792363e-007  0.0000000e+000  0.0000000e+000  0.0000000e+000  0.0000000e+000  0.0000000e+000  0.0000000e+000  0.0000000e+000  0.0000000e+000  0.0000000e+000  0.0000000e+000  0.0000000e+000  0.0000000e+000  0.0000000e+000  0.0000000e+000 -1.7615555e-009  8.9835292e-004  4.2081056e-009
  0.0000000e+000  0.0000000e+000  0.0000000e+000  0.0000000e+000  0.0000000e+000  0.0000000e+000  0.0000000e+000  0.0000000e+000 -3.8496698e-003  0.0000000e+000  0.0000000e+000  0.0000000e+000  0.0000000e+000  0.0000000e+000  0.0000000e+000  0.0000000e+000  0.0000000e+000  0.0000000e+000  0.0000000e+000  0.0000000e+000  0.0000000e+000  0.0000000e+000  0.0000000e+000  0.0000000e+000  0.0000000e+000  0.0000000e+000
  0.0000000e+000  0.0000000e+000  0.0000000e+000  0.0000000e+000  0.0000000e+000  0.0000000e+000  0.0000000e+000  0.0000000e+000 -6.8380654e-008  0.0000000e+000  0.0000000e+000  0.0000000e+000  0.0000000e+000  0.0000000e+000  0.0000000e+000  0.0000000e+000  0.0000000e+000  0.0000000e+000  0.0000000e+000  0.0000000e+000  0.0000000e+000  0.0000000e+000  0.0000000e+000  0.0000000e+000  0.0000000e+000  0.0000000e+000
  0.0000000e+000  0.0000000e+000  0.0000000e+000  2.9754192e-001 -4.4263701e-016  2.6263662e-023  0.0000000e+000  0.0000000e+000 -5.6087725e-004  0.0000000e+000  0.0000000e+000  0.0000000e+000  0.0000000e+000  0.0000000e+000  0.0000000e+000  0.0000000e+000  0.0000000e+000  0.0000000e+000  0.0000000e+000  0.0000000e+000  0.0000000e+000  0.0000000e+000  0.0000000e+000 -5.8344175e-007  2.9754192e-001  1.3937594e-006
  0.0000000e+000  0.0000000e+000  0.0000000e+000  1.0000000e+000  0.0000000e+000  0.0000000e+000  0.0000000e+000  0.0000000e+000  0.0000000e+000  0.0000000e+000  0.0000000e+000  0.0000000e+000  0.0000000e+000  0.0000000e+000  0.0000000e+000  0.0000000e+000  0.0000000e+000  0.0000000e+000  0.0000000e+000  0.0000000e+000  0.0000000e+000  0.0000000e+000  0.0000000e+000 -1.9608725e-006  1.0000000e+000  4.6842455e-006
  0.0000000e+000  0.0000000e+000  0.0000000e+000  0.0000000e+000  1.0000000e+000  0.0000000e+000  0.0000000e+000  0.0000000e+000  0.0000000e+000  0.0000000e+000  0.0000000e+000  0.0000000e+000  0.0000000e+000  0.0000000e+000  0.0000000e+000  0.0000000e+000  0.0000000e+000  0.0000000e+000  0.0000000e+000  0.0000000e+000  0.0000000e+000  0.0000000e+000  0.0000000e+000  1.1174458e-005 -3.6550083e-008  7.8075949e-003
  0.0000000e+000  0.0000000e+000  0.0000000e+000  0.0000000e+000  0.0000000e+000  1.0000000e+000  0.0000000e+000  0.0000000e+000  0.0000000e+000  0.0000000e+000  0.0000000e+000  0.0000000e+000  0.0000000e+000  0.0000000e+000  0.0000000e+000  0.0000000e+000  0.0000000e+000  0.0000000e+000  0.0000000e+000  0.0000000e+000  0.0000000e+000  0.0000000e+000  0.0000000e+000 -7.8075949e-003 -1.5366195e-008  1.1174458e-005
  0.0000000e+000  0.0000000e+000  0.0000000e+000  0.0000000e+000  0.0000000e+000  0.0000000e+000  0.0000000e+000  0.0000000e+000  1.0000000e+000  0.0000000e+000  0.0000000e+000  0.0000000e+000  0.0000000e+000  0.0000000e+000  0.0000000e+000  0.0000000e+000  0.0000000e+000  0.0000000e+000  0.0000000e+000  0.0000000e+000  0.0000000e+000  0.0000000e+000  0.0000000e+000  0.0000000e+000  0.0000000e+000  0.0000000e+000
  0.0000000e+000  0.0000000e+000  0.0000000e+000  9.9610515e-001 -1.1293256e+001  7.2521600e-007  0.0000000e+000  0.0000000e+000  0.0000000e+000  0.0000000e+000  0.0000000e+000  0.0000000e+000  0.0000000e+000  0.0000000e+000  0.0000000e+000  0.0000000e+000  0.0000000e+000  0.0000000e+000  0.0000000e+000  0.0000000e+000  0.0000000e+000  0.0000000e+000  0.0000000e+000 -1.2815491e-004  9.9610557e-001 -8.8168499e-002
  0.0000000e+000  0.0000000e+000  0.0000000e+000 -5.1523919e-009 -6.5999425e-024  1.2808028e+002  0.0000000e+000  0.0000000e+000  0.0000000e+000  0.0000000e+000  0.0000000e+000  0.0000000e+000  0.0000000e+000  0.0000000e+000  0.0000000e+000  0.0000000e+000  0.0000000e+000  0.0000000e+000  0.0000000e+000  0.0000000e+000  0.0000000e+000  0.0000000e+000  0.0000000e+000 -9.9999898e-001 -1.9732590e-006  1.4312278e-003
  0.0000000e+000  0.0000000e+000  0.0000000e+000  8.8173255e-002  1.2758143e+002  6.4194683e-008  0.0000000e+000  0.0000000e+000  0.0000000e+000  0.0000000e+000  0.0000000e+000  0.0000000e+000  0.0000000e+000  0.0000000e+000  0.0000000e+000  0.0000000e+000  0.0000000e+000  0.0000000e+000  0.0000000e+000  0.0000000e+000  0.0000000e+000  0.0000000e+000  0.0000000e+000  1.4254800e-003  8.8168592e-002  9.9610455e-001
  0.0000000e+000  0.0000000e+000  0.0000000e+000  0.0000000e+000  0.0000000e+000  0.0000000e+000  0.0000000e+000  0.0000000e+000 -7.4743182e-002  0.0000000e+000  0.0000000e+000  0.0000000e+000  0.0000000e+000  0.0000000e+000  0.0000000e+000  0.0000000e+000  0.0000000e+000  0.0000000e+000  0.0000000e+000  0.0000000e+000  0.0000000e+000  0.0000000e+000  0.0000000e+000  0.0000000e+000  0.0000000e+000  0.0000000e+000
  0.0000000e+000  0.0000000e+000  0.0000000e+000  0.0000000e+000  0.0000000e+000  0.0000000e+000  0.0000000e+000  0.0000000e+000 -3.5660000e-003  0.0000000e+000  0.0000000e+000  0.0000000e+000  0.0000000e+000  0.0000000e+000  0.0000000e+000  0.0000000e+000  0.0000000e+000  0.0000000e+000  0.0000000e+000  0.0000000e+000  0.0000000e+000  0.0000000e+000  0.0000000e+000  0.0000000e+000  0.0000000e+000  0.0000000e+000
  0.0000000e+000  0.0000000e+000  0.0000000e+000  0.0000000e+000  0.0000000e+000  0.0000000e+000  0.0000000e+000  0.0000000e+000  0.0000000e+000  0.0000000e+000  0.0000000e+000  0.0000000e+000  0.0000000e+000  0.0000000e+000  0.0000000e+000  0.0000000e+000  0.0000000e+000  0.0000000e+000  0.0000000e+000  0.0000000e+000  0.0000000e+000  0.0000000e+000  0.0000000e+000  0.0000000e+000  0.0000000e+000  0.0000000e+000
