  6.8557875e-007
  1.1342407e-006
 -4.2798434e-007
  1.2758135e+002
 -4.6887126e-007
  1.1293227e+001
 -4.3897490e-001
  2.5612598e+003
  7.9585625e+002
  7.0639496e-001
 -3.0697406e-002
  3.1708949e-002
  7.0644063e-001
 -1.6124329e+000
 -1.0586376e-001
  2.7060319e-001
  0.0000000e+000
  1.0000000e+000
  0.0000000e+000
  2.1827722e+001
  0.0000000e+000
  0.0000000e+000
  0.0000000e+000
  2.8367276e+000
 -4.6134288e-002
 -3.2048878e+001
  2.8367280e+000
 -4.6135229e-002
 -3.2048880e+001
 -1.2764800e-004
 -9.9999897e-001
  1.4262941e-003
  9.9610544e-001
 -1.3945708e-006
  8.8169965e-002
 -8.8169873e-002
  1.4319940e-003
  9.9610442e-001
  1.2758135e+002
 -4.6887126e-007
  1.1293227e+001
  1.4825118e+000
  1.2764800e-004
  1.5693700e+000
  1.4375933e-003
  8.8284512e-002
  1.5709245e+000
  1.4319945e-003
  8.8287740e-002
 -3.6607627e-009
  1.6162094e+000
  1.1506123e-001
  1.1131483e+003
  2.3230892e-003
  1.9054603e+001
  1.2808020e+002
  8.8287740e-002
 -3.6607629e-009
  7.9585625e+002
  1.2758135e+002
 -4.6887126e-007
  1.1293227e+001
  2.0560983e+003
  5.1556198e+002
 -8.5013328e-006
  1.4170476e-002
 -1.5706249e+000
 -3.0127010e-001
  2.5612598e+003
  2.6820588e+003
 -2.3701326e-007
 -4.4196463e-007
  1.4907557e-007
 -6.6531131e-005
  1.6140988e-007
 -2.3208353e-005
 -1.7757284e-004
  1.2808020e+002
 -4.0180544e-004
  1.4371272e-007
 -1.6527764e-007
  6.3620230e-007
 -1.7944161e-007
