 -5.8078848e+000  5.0099941e-002  2.4580776e+000  2.8872193e-003 -7.0700553e-001 -3.0458559e-002  0.0000000e+000  0.0000000e+000  8.4309790e-008  0.0000000e+000  0.0000000e+000  0.0000000e+000  0.0000000e+000 -1.2872693e-001 -8.1440191e-001  3.3333409e-001 -1.0571816e-002  2.0756714e-001 -8.1182602e-004 -5.0336416e-004  0.0000000e+000  0.0000000e+000  0.0000000e+000  7.0696102e-001  1.9188209e-004 -3.1606357e-002
  1.2468076e-003 -1.3756480e+000  3.6356724e-002  2.5802914e-003  2.2920045e-002 -1.0347729e-001  0.0000000e+000  0.0000000e+000 -2.9029675e-006  0.0000000e+000  0.0000000e+000  0.0000000e+000  0.0000000e+000 -3.7802436e-001  8.1184824e-002 -1.3829341e-003 -3.1596855e-002  6.0954951e-001 -8.8355438e-007  1.7335170e-002  0.0000000e+000  0.0000000e+000  0.0000000e+000 -2.3067857e-002 -6.5532498e-003 -1.0326890e-001
 -4.7980395e-002 -2.9196287e-002 -1.4855005e+000  1.3129650e-003  2.5227380e-001 -1.6761304e-002  0.0000000e+000  0.0000000e+000 -7.5329836e-008  0.0000000e+000  0.0000000e+000  0.0000000e+000  0.0000000e+000  3.5155823e-003  1.0211797e-002 -4.1709576e-001 -1.4036117e-004 -5.6687390e-003 -4.7367564e-002  4.4978767e-004  0.0000000e+000  0.0000000e+000  0.0000000e+000 -2.5229761e-001 -1.7046664e-004 -1.6450712e-002
  0.0000000e+000 -1.0553869e+001 -6.5991982e-007 -1.7689383e-002  1.2658818e-002  1.2044329e-001  0.0000000e+000  0.0000000e+000 -1.0621969e-004 -2.0403612e+000  4.5458124e+001 -4.5455161e+001 -1.9753063e+000  7.1148312e-003 -4.5432199e-002 -8.1167772e-004 -3.6191632e-003 -1.1472387e-002  3.7767153e-005  1.3568207e-001  0.0000000e+000  0.0000000e+000  0.0000000e+000 -1.2485451e-002 -7.0010555e-003  1.2155354e-001
  1.1402623e+001  0.0000000e+000 -1.2598741e+002 -2.6896412e-003 -5.3527824e-001  1.6939378e-002  0.0000000e+000  0.0000000e+000  1.1516869e-006 -1.9753063e+000  4.5455161e+001  4.5458124e+001  2.0403612e+000  0.0000000e+000 -2.0265804e-002  4.1257048e-001  0.0000000e+000  0.0000000e+000 -4.0293194e-003  1.2321698e-003  0.0000000e+000  0.0000000e+000  0.0000000e+000  5.3530218e-001 -1.1852772e-003  1.6343518e-002
  6.5991982e-007  1.2223984e+002  0.0000000e+000 -2.7910069e-001  8.2444716e-002 -2.5027533e+000  0.0000000e+000  0.0000000e+000  9.4414809e-004  4.5455161e+001  1.9753063e+000 -2.0403612e+000  4.5458124e+001 -2.8942572e-001  1.5477243e-001 -8.1783827e-002 -2.3864421e-002  4.6668766e-001  3.4267537e-005 -4.6551300e-003  0.0000000e+000  0.0000000e+000  0.0000000e+000 -8.5977455e-002 -4.9867981e-001 -2.4682779e+000
  0.0000000e+000  0.0000000e+000  0.0000000e+000 -1.2815491e-004 -9.9999898e-001  1.4254800e-003  0.0000000e+000  0.0000000e+000  0.0000000e+000  1.8096190e+002  8.1232490e+000  7.8642434e+000 -1.8095081e+002  0.0000000e+000  0.0000000e+000  0.0000000e+000  0.0000000e+000  0.0000000e+000  0.0000000e+000  0.0000000e+000  0.0000000e+000  0.0000000e+000  0.0000000e+000  0.0000000e+000  0.0000000e+000  0.0000000e+000
  0.0000000e+000  0.0000000e+000  0.0000000e+000  9.9610557e-001 -1.9724653e-006  8.8168592e-002  0.0000000e+000  0.0000000e+000  0.0000000e+000  1.8095081e+002 -7.8642434e+000  8.1232490e+000  1.8096190e+002  0.0000000e+000  0.0000000e+000  0.0000000e+000  0.0000000e+000  0.0000000e+000  0.0000000e+000  0.0000000e+000  0.0000000e+000  0.0000000e+000  0.0000000e+000  0.0000000e+000  0.0000000e+000  0.0000000e+000
  0.0000000e+000  0.0000000e+000  0.0000000e+000  8.8168499e-002 -1.4312278e-003 -9.9610455e-001  0.0000000e+000  0.0000000e+000  0.0000000e+000 -7.8642434e+000 -1.8095081e+002  1.8096190e+002 -8.1232490e+000  0.0000000e+000  0.0000000e+000  0.0000000e+000  0.0000000e+000  0.0000000e+000  0.0000000e+000  0.0000000e+000  0.0000000e+000  0.0000000e+000  0.0000000e+000  0.0000000e+000  0.0000000e+000  0.0000000e+000
  1.5348599e-002 -1.5854091e-002 -3.5322042e-001  0.0000000e+000  0.0000000e+000  0.0000000e+000  0.0000000e+000  0.0000000e+000  0.0000000e+000  0.0000000e+000 -4.8363408e-007 -8.3559710e-007  3.0251638e-007  0.0000000e+000  0.0000000e+000  0.0000000e+000  0.0000000e+000  0.0000000e+000  0.0000000e+000  0.0000000e+000  0.0000000e+000  0.0000000e+000  0.0000000e+000  0.0000000e+000  0.0000000e+000  0.0000000e+000
  3.5319740e-001 -3.5322042e-001  1.5854091e-002  0.0000000e+000  0.0000000e+000  0.0000000e+000  0.0000000e+000  0.0000000e+000  0.0000000e+000  4.8363408e-007  0.0000000e+000 -3.0251638e-007 -8.3559710e-007  0.0000000e+000  0.0000000e+000  0.0000000e+000  0.0000000e+000  0.0000000e+000  0.0000000e+000  0.0000000e+000  0.0000000e+000  0.0000000e+000  0.0000000e+000  0.0000000e+000  0.0000000e+000  0.0000000e+000
  3.5322042e-001  3.5319740e-001  1.5348599e-002  0.0000000e+000  0.0000000e+000  0.0000000e+000  0.0000000e+000  0.0000000e+000  0.0000000e+000  8.3559710e-007  3.0251638e-007  0.0000000e+000  4.8363408e-007  0.0000000e+000  0.0000000e+000  0.0000000e+000  0.0000000e+000  0.0000000e+000  0.0000000e+000  0.0000000e+000  0.0000000e+000  0.0000000e+000  0.0000000e+000  0.0000000e+000  0.0000000e+000  0.0000000e+000
 -1.5854091e-002 -1.5348599e-002  3.5319740e-001  0.0000000e+000  0.0000000e+000  0.0000000e+000  0.0000000e+000  0.0000000e+000  0.0000000e+000 -3.0251638e-007  8.3559710e-007 -4.8363408e-007  0.0000000e+000  0.0000000e+000  0.0000000e+000  0.0000000e+000  0.0000000e+000  0.0000000e+000  0.0000000e+000  0.0000000e+000  0.0000000e+000  0.0000000e+000  0.0000000e+000  0.0000000e+000  0.0000000e+000  0.0000000e+000
  0.0000000e+000  7.3938676e-001  0.0000000e+000 -1.7689383e-002  1.2659423e-002  1.2044496e-001  0.0000000e+000  0.0000000e+000 -1.0621969e-004  0.0000000e+000  0.0000000e+000  0.0000000e+000  0.0000000e+000  7.1148312e-003 -4.5432199e-002 -8.1167772e-004 -3.6191632e-003 -1.1472387e-002  3.7767153e-005  1.3568207e-001  0.0000000e+000  0.0000000e+000  0.0000000e+000 -1.2485451e-002 -7.0010555e-003  1.2155354e-001
  1.0936778e-001  0.0000000e+000  1.5940238e+000 -2.6902463e-003 -5.3527824e-001  1.6938411e-002  0.0000000e+000  0.0000000e+000  1.1516869e-006  0.0000000e+000  0.0000000e+000  0.0000000e+000  0.0000000e+000  0.0000000e+000 -2.0265804e-002  4.1257048e-001  0.0000000e+000  0.0000000e+000 -4.0293194e-003  1.2321698e-003  0.0000000e+000  0.0000000e+000  0.0000000e+000  5.3530218e-001 -1.1852772e-003  1.6343518e-002
  0.0000000e+000 -5.3415951e+000  0.0000000e+000 -2.7910236e-001  8.2445683e-002 -2.5027533e+000  0.0000000e+000  0.0000000e+000  9.4414809e-004  0.0000000e+000  0.0000000e+000  0.0000000e+000  0.0000000e+000 -2.8942572e-001  1.5477243e-001 -8.1783827e-002 -2.3864421e-002  4.6668766e-001  3.4267537e-005 -4.6551300e-003  0.0000000e+000  0.0000000e+000  0.0000000e+000 -8.5977455e-002 -4.9867981e-001 -2.4682779e+000
  0.0000000e+000  7.3938676e-001  0.0000000e+000 -1.7689383e-002  1.2659423e-002  1.2044496e-001  0.0000000e+000  0.0000000e+000 -1.0621969e-004  0.0000000e+000  0.0000000e+000  0.0000000e+000  0.0000000e+000  7.1148312e-003 -4.5432199e-002 -8.1167772e-004 -3.6191632e-003 -1.1472387e-002  3.7767153e-005  1.3568207e-001  0.0000000e+000  0.0000000e+000  0.0000000e+000 -1.2485451e-002 -7.0010555e-003  1.2155354e-001
  1.0936778e-001  0.0000000e+000  1.5940238e+000 -2.6902463e-003 -5.3527824e-001  1.6938411e-002  0.0000000e+000  0.0000000e+000  1.1516869e-006  0.0000000e+000  0.0000000e+000  0.0000000e+000  0.0000000e+000  0.0000000e+000 -2.0265804e-002  4.1257048e-001  0.0000000e+000  0.0000000e+000 -4.0293194e-003  1.2321698e-003  0.0000000e+000  0.0000000e+000  0.0000000e+000  5.3530218e-001 -1.1852772e-003  1.6343518e-002
  0.0000000e+000 -5.3415951e+000  0.0000000e+000 -2.7910236e-001  8.2445683e-002 -2.5027533e+000  0.0000000e+000  0.0000000e+000  9.4414809e-004  0.0000000e+000  0.0000000e+000  0.0000000e+000  0.0000000e+000 -2.8942572e-001  1.5477243e-001 -8.1783827e-002 -2.3864421e-002  4.6668766e-001  3.4267537e-005 -4.6551300e-003  0.0000000e+000  0.0000000e+000  0.0000000e+000 -8.5977455e-002 -4.9867981e-001 -2.4682779e+000
  0.0000000e+000  0.0000000e+000  0.0000000e+000  0.0000000e+000  0.0000000e+000  0.0000000e+000  0.0000000e+000  0.0000000e+000  0.0000000e+000  1.4127896e+000 -6.1394396e-002 -6.3416364e-002 -1.4128817e+000  0.0000000e+000  0.0000000e+000  0.0000000e+000  0.0000000e+000  0.0000000e+000  0.0000000e+000  0.0000000e+000  0.0000000e+000  0.0000000e+000  0.0000000e+000  0.0000000e+000  0.0000000e+000  0.0000000e+000
  0.0000000e+000  0.0000000e+000  0.0000000e+000  0.0000000e+000  0.0000000e+000  0.0000000e+000  0.0000000e+000  0.0000000e+000  0.0000000e+000 -1.4128817e+000  6.3416364e-002 -6.1394396e-002 -1.4127896e+000  0.0000000e+000  0.0000000e+000  0.0000000e+000  0.0000000e+000  0.0000000e+000  0.0000000e+000  0.0000000e+000  0.0000000e+000  0.0000000e+000  0.0000000e+000  0.0000000e+000  0.0000000e+000  0.0000000e+000
  0.0000000e+000  0.0000000e+000  0.0000000e+000  0.0000000e+000  0.0000000e+000  0.0000000e+000  0.0000000e+000  0.0000000e+000  0.0000000e+000  6.3416364e-002  1.4128817e+000  1.4127896e+000 -6.1394396e-002  0.0000000e+000  0.0000000e+000  0.0000000e+000  0.0000000e+000  0.0000000e+000  0.0000000e+000  0.0000000e+000  0.0000000e+000  0.0000000e+000  0.0000000e+000  0.0000000e+000  0.0000000e+000  0.0000000e+000
  0.0000000e+000  0.0000000e+000  0.0000000e+000  0.0000000e+000  0.0000000e+000  0.0000000e+000  0.0000000e+000  0.0000000e+000  0.0000000e+000  1.4128817e+000  6.3416364e-002 -6.1394396e-002  1.4127896e+000  0.0000000e+000  0.0000000e+000  0.0000000e+000  0.0000000e+000  0.0000000e+000  0.0000000e+000  0.0000000e+000  0.0000000e+000  0.0000000e+000  0.0000000e+000  0.0000000e+000  0.0000000e+000  0.0000000e+000
  0.0000000e+000  0.0000000e+000  0.0000000e+000  0.0000000e+000  0.0000000e+000  0.0000000e+000  0.0000000e+000  0.0000000e+000  0.0000000e+000  1.4127896e+000  6.1394396e-002  6.3416364e-002 -1.4128817e+000  0.0000000e+000  0.0000000e+000  0.0000000e+000  0.0000000e+000  0.0000000e+000  0.0000000e+000  0.0000000e+000  0.0000000e+000  0.0000000e+000  0.0000000e+000  0.0000000e+000  0.0000000e+000  0.0000000e+000
  0.0000000e+000  0.0000000e+000  0.0000000e+000  0.0000000e+000  0.0000000e+000  0.0000000e+000  0.0000000e+000  0.0000000e+000  0.0000000e+000  6.1394396e-002 -1.4127896e+000  1.4128817e+000  6.3416364e-002  0.0000000e+000  0.0000000e+000  0.0000000e+000  0.0000000e+000  0.0000000e+000  0.0000000e+000  0.0000000e+000  0.0000000e+000  0.0000000e+000  0.0000000e+000  0.0000000e+000  0.0000000e+000  0.0000000e+000
  0.0000000e+000  0.0000000e+000  0.0000000e+000  0.0000000e+000  0.0000000e+000  0.0000000e+000  0.0000000e+000  0.0000000e+000  0.0000000e+000 -6.3416364e-002  1.4128817e+000 -1.4127896e+000 -6.1394396e-002  0.0000000e+000  0.0000000e+000  0.0000000e+000  0.0000000e+000  0.0000000e+000  0.0000000e+000  0.0000000e+000  0.0000000e+000  0.0000000e+000  0.0000000e+000  0.0000000e+000  0.0000000e+000  0.0000000e+000
  0.0000000e+000  0.0000000e+000  0.0000000e+000  0.0000000e+000  0.0000000e+000  0.0000000e+000  0.0000000e+000  0.0000000e+000  0.0000000e+000 -6.1394396e-002  1.4127896e+000  1.4128817e+000  6.3416364e-002  0.0000000e+000  0.0000000e+000  0.0000000e+000  0.0000000e+000  0.0000000e+000  0.0000000e+000  0.0000000e+000  0.0000000e+000  0.0000000e+000  0.0000000e+000  0.0000000e+000  0.0000000e+000  0.0000000e+000
  0.0000000e+000  0.0000000e+000  0.0000000e+000  0.0000000e+000  0.0000000e+000  0.0000000e+000  0.0000000e+000  0.0000000e+000  0.0000000e+000  1.4127896e+000  6.1394396e-002 -6.3416364e-002  1.4128817e+000  0.0000000e+000  0.0000000e+000  0.0000000e+000  0.0000000e+000  0.0000000e+000  0.0000000e+000  0.0000000e+000  0.0000000e+000  0.0000000e+000  0.0000000e+000  0.0000000e+000  0.0000000e+000  0.0000000e+000
  0.0000000e+000  0.0000000e+000  0.0000000e+000  1.0000000e+000  0.0000000e+000  0.0000000e+000  0.0000000e+000  0.0000000e+000  0.0000000e+000  0.0000000e+000  0.0000000e+000  0.0000000e+000  0.0000000e+000  0.0000000e+000  0.0000000e+000  0.0000000e+000  0.0000000e+000  0.0000000e+000  0.0000000e+000  0.0000000e+000  0.0000000e+000  0.0000000e+000  0.0000000e+000 -1.2815491e-004  9.9610557e-001 -8.8168499e-002
  0.0000000e+000  0.0000000e+000  0.0000000e+000  0.0000000e+000  1.0000000e+000  0.0000000e+000  0.0000000e+000  0.0000000e+000  0.0000000e+000  0.0000000e+000  0.0000000e+000  0.0000000e+000  0.0000000e+000  0.0000000e+000  0.0000000e+000  0.0000000e+000  0.0000000e+000  0.0000000e+000  0.0000000e+000  0.0000000e+000  0.0000000e+000  0.0000000e+000  0.0000000e+000 -9.9999898e-001 -1.9732590e-006  1.4312278e-003
  0.0000000e+000  0.0000000e+000  0.0000000e+000  0.0000000e+000  0.0000000e+000  1.0000000e+000  0.0000000e+000  0.0000000e+000  0.0000000e+000  0.0000000e+000  0.0000000e+000  0.0000000e+000  0.0000000e+000  0.0000000e+000  0.0000000e+000  0.0000000e+000  0.0000000e+000  0.0000000e+000  0.0000000e+000  0.0000000e+000  0.0000000e+000  0.0000000e+000  0.0000000e+000  1.4254800e-003  8.8168592e-002  9.9610455e-001
  0.0000000e+000  0.0000000e+000  0.0000000e+000  0.0000000e+000  0.0000000e+000  0.0000000e+000  0.0000000e+000  0.0000000e+000  0.0000000e+000  6.1402265e-002  1.4129707e+000 -1.4127006e+000  6.3408238e-002  0.0000000e+000  0.0000000e+000  0.0000000e+000  0.0000000e+000  0.0000000e+000  0.0000000e+000  0.0000000e+000  0.0000000e+000  0.0000000e+000  0.0000000e+000  0.0000000e+000  0.0000000e+000  0.0000000e+000
  0.0000000e+000  0.0000000e+000  0.0000000e+000  0.0000000e+000  0.0000000e+000  0.0000000e+000  0.0000000e+000  0.0000000e+000  0.0000000e+000 -1.4129707e+000  6.1402265e-002  6.3408237e-002  1.4127006e+000  0.0000000e+000  0.0000000e+000  0.0000000e+000  0.0000000e+000  0.0000000e+000  0.0000000e+000  0.0000000e+000  0.0000000e+000  0.0000000e+000  0.0000000e+000  0.0000000e+000  0.0000000e+000  0.0000000e+000
  0.0000000e+000  0.0000000e+000  0.0000000e+000  0.0000000e+000  0.0000000e+000  0.0000000e+000  0.0000000e+000  0.0000000e+000  0.0000000e+000 -6.1402265e-002 -1.4129707e+000 -1.4127006e+000  6.3408238e-002  0.0000000e+000  0.0000000e+000  0.0000000e+000  0.0000000e+000  0.0000000e+000  0.0000000e+000  0.0000000e+000  0.0000000e+000  0.0000000e+000  0.0000000e+000  0.0000000e+000  0.0000000e+000  0.0000000e+000
  0.0000000e+000  0.0000000e+000  0.0000000e+000  0.0000000e+000  0.0000000e+000  0.0000000e+000  0.0000000e+000  0.0000000e+000  0.0000000e+000 -6.3672229e-002  1.4182231e+000  1.4184956e+000  6.1626236e-002  0.0000000e+000  0.0000000e+000  0.0000000e+000  0.0000000e+000  0.0000000e+000  0.0000000e+000  0.0000000e+000  0.0000000e+000  0.0000000e+000  0.0000000e+000  0.0000000e+000  0.0000000e+000  0.0000000e+000
  0.0000000e+000  0.0000000e+000  0.0000000e+000  0.0000000e+000  0.0000000e+000  0.0000000e+000  0.0000000e+000  0.0000000e+000  0.0000000e+000 -6.1386237e-002 -1.4129714e+000  1.4126999e+000 -6.3424262e-002  0.0000000e+000  0.0000000e+000  0.0000000e+000  0.0000000e+000  0.0000000e+000  0.0000000e+000  0.0000000e+000  0.0000000e+000  0.0000000e+000  0.0000000e+000  0.0000000e+000  0.0000000e+000  0.0000000e+000
  0.0000000e+000  0.0000000e+000  0.0000000e+000  0.0000000e+000  0.0000000e+000  0.0000000e+000  0.0000000e+000  0.0000000e+000  0.0000000e+000 -1.4184956e+000  6.1626236e-002  6.3672229e-002  1.4182231e+000  0.0000000e+000  0.0000000e+000  0.0000000e+000  0.0000000e+000  0.0000000e+000  0.0000000e+000  0.0000000e+000  0.0000000e+000  0.0000000e+000  0.0000000e+000  0.0000000e+000  0.0000000e+000  0.0000000e+000
  0.0000000e+000  0.0000000e+000  0.0000000e+000 -8.1624399e-012 -3.6571932e-008  9.2210048e-011  0.0000000e+000  0.0000000e+000  0.0000000e+000 -6.3416484e-002  1.4128789e+000  1.4127924e+000  6.1394272e-002  0.0000000e+000  0.0000000e+000  0.0000000e+000  0.0000000e+000  0.0000000e+000  0.0000000e+000  0.0000000e+000  0.0000000e+000  0.0000000e+000  0.0000000e+000  3.6572027e-008  7.1544121e-014  4.0227753e-011
  0.0000000e+000  0.0000000e+000  0.0000000e+000 -6.8842176e-004  2.0180664e-013  7.7771935e-003  0.0000000e+000  0.0000000e+000  0.0000000e+000 -5.5147255e-011 -2.0535351e-011  2.0356605e-011 -5.4853705e-011  0.0000000e+000  0.0000000e+000  0.0000000e+000  0.0000000e+000  0.0000000e+000  0.0000000e+000  0.0000000e+000  0.0000000e+000  0.0000000e+000  0.0000000e+000  1.1174458e-005 -3.6550014e-008  7.8075949e-003
  0.0000000e+000  0.0000000e+000  0.0000000e+000  4.0068469e-011  7.8076029e-003  3.5453462e-012  0.0000000e+000  0.0000000e+000  0.0000000e+000 -1.5313723e-010 -6.8657011e-012 -6.6069927e-012  1.5208611e-010  0.0000000e+000  0.0000000e+000  0.0000000e+000  0.0000000e+000  0.0000000e+000  0.0000000e+000  0.0000000e+000  0.0000000e+000  0.0000000e+000  0.0000000e+000 -7.8075949e-003 -1.5366198e-008  1.1174458e-005
  0.0000000e+000  0.0000000e+000  0.0000000e+000  0.0000000e+000  0.0000000e+000  0.0000000e+000  0.0000000e+000  0.0000000e+000  0.0000000e+000  0.0000000e+000  0.0000000e+000  0.0000000e+000  0.0000000e+000  0.0000000e+000  0.0000000e+000  0.0000000e+000  0.0000000e+000  0.0000000e+000  0.0000000e+000  0.0000000e+000  0.0000000e+000  0.0000000e+000  0.0000000e+000  0.0000000e+000  0.0000000e+000  0.0000000e+000
  0.0000000e+000  0.0000000e+000  0.0000000e+000  8.9485398e-004 -5.1065418e-012  7.9210701e-005  0.0000000e+000  0.0000000e+000  3.9792363e-007  0.0000000e+000  0.0000000e+000  0.0000000e+000  0.0000000e+000  0.0000000e+000  0.0000000e+000  0.0000000e+000  0.0000000e+000  0.0000000e+000  0.0000000e+000  0.0000000e+000  0.0000000e+000  0.0000000e+000  0.0000000e+000 -1.7615555e-009  8.9835292e-004  4.2081056e-009
  0.0000000e+000  0.0000000e+000  0.0000000e+000  0.0000000e+000  0.0000000e+000  0.0000000e+000  0.0000000e+000  0.0000000e+000 -3.8496698e-003  0.0000000e+000  0.0000000e+000  0.0000000e+000  0.0000000e+000  0.0000000e+000  0.0000000e+000  0.0000000e+000  0.0000000e+000  0.0000000e+000  0.0000000e+000  0.0000000e+000  0.0000000e+000  0.0000000e+000  0.0000000e+000  0.0000000e+000  0.0000000e+000  0.0000000e+000
  0.0000000e+000  0.0000000e+000  0.0000000e+000  0.0000000e+000  0.0000000e+000  0.0000000e+000  0.0000000e+000  0.0000000e+000 -6.8380654e-008  0.0000000e+000  0.0000000e+000  0.0000000e+000  0.0000000e+000  0.0000000e+000  0.0000000e+000  0.0000000e+000  0.0000000e+000  0.0000000e+000  0.0000000e+000  0.0000000e+000  0.0000000e+000  0.0000000e+000  0.0000000e+000  0.0000000e+000  0.0000000e+000  0.0000000e+000
  0.0000000e+000  0.0000000e+000  0.0000000e+000  2.9638304e-001 -1.6913289e-009  2.6235239e-002  0.0000000e+000  0.0000000e+000 -5.6087725e-004  0.0000000e+000  0.0000000e+000  0.0000000e+000  0.0000000e+000  0.0000000e+000  0.0000000e+000  0.0000000e+000  0.0000000e+000  0.0000000e+000  0.0000000e+000  0.0000000e+000  0.0000000e+000  0.0000000e+000  0.0000000e+000 -5.8344175e-007  2.9754192e-001  1.3937594e-006
  0.0000000e+000  0.0000000e+000  0.0000000e+000  9.9610515e-001 -5.6843381e-009  8.8173255e-002  0.0000000e+000  0.0000000e+000  0.0000000e+000  0.0000000e+000  0.0000000e+000  0.0000000e+000  0.0000000e+000  0.0000000e+000  0.0000000e+000  0.0000000e+000  0.0000000e+000  0.0000000e+000  0.0000000e+000  0.0000000e+000  0.0000000e+000  0.0000000e+000  0.0000000e+000 -1.9608725e-006  1.0000000e+000  4.6842455e-006
  0.0000000e+000  0.0000000e+000  0.0000000e+000 -6.8842176e-004  0.0000000e+000  7.7771935e-003  0.0000000e+000  0.0000000e+000  0.0000000e+000  0.0000000e+000  0.0000000e+000  0.0000000e+000  0.0000000e+000  0.0000000e+000  0.0000000e+000  0.0000000e+000  0.0000000e+000  0.0000000e+000  0.0000000e+000  0.0000000e+000  0.0000000e+000  0.0000000e+000  0.0000000e+000  1.1174458e-005 -3.6550083e-008  7.8075949e-003
  0.0000000e+000  0.0000000e+000  0.0000000e+000  4.0071148e-011  7.8076029e-003  3.5470187e-012  0.0000000e+000  0.0000000e+000  0.0000000e+000  0.0000000e+000  0.0000000e+000  0.0000000e+000  0.0000000e+000  0.0000000e+000  0.0000000e+000  0.0000000e+000  0.0000000e+000  0.0000000e+000  0.0000000e+000  0.0000000e+000  0.0000000e+000  0.0000000e+000  0.0000000e+000 -7.8075949e-003 -1.5366195e-008  1.1174458e-005
  0.0000000e+000  0.0000000e+000  0.0000000e+000  0.0000000e+000  0.0000000e+000  0.0000000e+000  0.0000000e+000  0.0000000e+000  1.0000000e+000  0.0000000e+000  0.0000000e+000  0.0000000e+000  0.0000000e+000  0.0000000e+000  0.0000000e+000  0.0000000e+000  0.0000000e+000  0.0000000e+000  0.0000000e+000  0.0000000e+000  0.0000000e+000  0.0000000e+000  0.0000000e+000  0.0000000e+000  0.0000000e+000  0.0000000e+000
  0.0000000e+000  0.0000000e+000  0.0000000e+000  1.0000000e+000  0.0000000e+000  0.0000000e+000  0.0000000e+000  0.0000000e+000  0.0000000e+000  0.0000000e+000  0.0000000e+000  0.0000000e+000  0.0000000e+000  0.0000000e+000  0.0000000e+000  0.0000000e+000  0.0000000e+000  0.0000000e+000  0.0000000e+000  0.0000000e+000  0.0000000e+000  0.0000000e+000  0.0000000e+000 -1.2815491e-004  9.9610557e-001 -8.8168499e-002
  0.0000000e+000  0.0000000e+000  0.0000000e+000  0.0000000e+000  1.0000000e+000  0.0000000e+000  0.0000000e+000  0.0000000e+000  0.0000000e+000  0.0000000e+000  0.0000000e+000  0.0000000e+000  0.0000000e+000  0.0000000e+000  0.0000000e+000  0.0000000e+000  0.0000000e+000  0.0000000e+000  0.0000000e+000  0.0000000e+000  0.0000000e+000  0.0000000e+000  0.0000000e+000 -9.9999898e-001 -1.9732590e-006  1.4312278e-003
  0.0000000e+000  0.0000000e+000  0.0000000e+000  0.0000000e+000  0.0000000e+000  1.0000000e+000  0.0000000e+000  0.0000000e+000  0.0000000e+000  0.0000000e+000  0.0000000e+000  0.0000000e+000  0.0000000e+000  0.0000000e+000  0.0000000e+000  0.0000000e+000  0.0000000e+000  0.0000000e+000  0.0000000e+000  0.0000000e+000  0.0000000e+000  0.0000000e+000  0.0000000e+000  1.4254800e-003  8.8168592e-002  9.9610455e-001
  0.0000000e+000  0.0000000e+000  0.0000000e+000  0.0000000e+000  0.0000000e+000  0.0000000e+000  0.0000000e+000  0.0000000e+000 -7.4743182e-002  0.0000000e+000  0.0000000e+000  0.0000000e+000  0.0000000e+000  0.0000000e+000  0.0000000e+000  0.0000000e+000  0.0000000e+000  0.0000000e+000  0.0000000e+000  0.0000000e+000  0.0000000e+000  0.0000000e+000  0.0000000e+000  0.0000000e+000  0.0000000e+000  0.0000000e+000
  0.0000000e+000  0.0000000e+000  0.0000000e+000  0.0000000e+000  0.0000000e+000  0.0000000e+000  0.0000000e+000  0.0000000e+000 -3.5660000e-003  0.0000000e+000  0.0000000e+000  0.0000000e+000  0.0000000e+000  0.0000000e+000  0.0000000e+000  0.0000000e+000  0.0000000e+000  0.0000000e+000  0.0000000e+000  0.0000000e+000  0.0000000e+000  0.0000000e+000  0.0000000e+000  0.0000000e+000  0.0000000e+000  0.0000000e+000
  0.0000000e+000  0.0000000e+000  0.0000000e+000  0.0000000e+000  0.0000000e+000  0.0000000e+000  0.0000000e+000  0.0000000e+000  0.0000000e+000  0.0000000e+000  0.0000000e+000  0.0000000e+000  0.0000000e+000  0.0000000e+000  0.0000000e+000  0.0000000e+000  0.0000000e+000  0.0000000e+000  0.0000000e+000  0.0000000e+000  0.0000000e+000  0.0000000e+000  0.0000000e+000  0.0000000e+000  0.0000000e+000  0.0000000e+000
